PendWGS84.asc
ncols        753
nrows        868
xllcorner    -84.341250000000
yllcorner    9.623194444505
cellsize     0.000277777778
[rows 440 to 479 of 868, columns 178 to 266 of 753]
1015 1008 1006 1002 998 996 994 991 984 982 978 975 974 976 979 983 981 977 972 966 963 959 956 955 951 948 941 937 938 939 945 946 943 939 940 945 948 949 949 947 947 949 949 951 952 952 955 960 964 962 963 967 968 973 981 992 1012 1022 1028 1031 1029 1029 1021 1020 1019 1012 1014 1017 1022 1037 1052 1069 1075 1089 1097 1106 1114 1122 1129 1141 1149 1156 1157 1162 1163 1163 1163 1167 1172
1022 1016 1012 1011 1009 1005 1002 999 993 988 984 982 985 984 987 990 990 984 974 968 966 967 964 967 968 962 954 950 947 950 956 960 956 951 949 949 955 953 949 946 948 950 961 967 971 975 972 968 965 968 966 970 976 978 986 994 1010 1019 1026 1033 1037 1036 1032 1025 1021 1014 1010 1012 1034 1048 1068 1079 1093 1103 1111 1121 1127 1130 1139 1144 1151 1156 1156 1157 1158 1152 1151 1155 1161
1028 1023 1018 1017 1017 1014 1010 1004 1001 993 990 989 991 990 991 993 994 990 985 977 976 977 973 977 977 969 964 959 958 961 967 966 967 963 962 958 957 955 952 952 953 957 969 977 982 988 985 977 971 968 968 975 983 989 996 1001 1015 1021 1028 1037 1040 1039 1038 1035 1031 1022 1015 1027 1043 1058 1072 1090 1101 1108 1125 1129 1134 1141 1147 1152 1159 1159 1156 1151 1147 1145 1146 1151 1159
1025 1026 1022 1019 1020 1018 1013 1008 1002 996 998 997 996 998 999 999 999 999 996 993 991 992 989 986 981 976 973 970 972 974 974 974 974 974 966 966 963 963 958 962 963 970 981 986 989 988 991 989 982 971 972 984 990 997 999 1006 1014 1022 1031 1036 1043 1040 1038 1038 1039 1028 1027 1033 1045 1062 1080 1097 1105 1115 1127 1131 1143 1147 1151 1158 1164 1158 1147 1142 1138 1139 1143 1149 1156
1029 1033 1031 1027 1024 1019 1014 1007 1002 1001 1001 1002 1002 1005 1007 1009 1008 1009 1009 1009 1006 1003 1000 996 991 985 980 981 986 985 985 982 980 977 972 975 975 973 973 973 980 987 996 999 998 998 996 996 986 977 978 989 997 1003 1009 1012 1019 1028 1035 1044 1047 1046 1043 1043 1040 1038 1040 1044 1048 1068 1087 1098 1110 1116 1121 1126 1135 1143 1152 1161 1162 1152 1144 1141 1136 1135 1140 1144 1149
1034 1038 1038 1034 1027 1020 1015 1008 1006 1008 1006 1005 1006 1011 1015 1018 1017 1016 1017 1020 1017 1009 1004 998 997 994 991 995 997 998 993 987 982 981 979 986 987 986 983 987 995 1001 1005 1008 1009 1008 1006 1001 997 988 989 997 1007 1010 1018 1022 1031 1035 1040 1042 1046 1050 1052 1052 1049 1047 1047 1049 1052 1067 1081 1095 1099 1106 1113 1117 1123 1132 1143 1154 1155 1150 1145 1137 1137 1136 1136 1135 1137
1036 1039 1040 1038 1030 1020 1015 1012 1013 1016 1012 1009 1010 1017 1019 1023 1026 1025 1023 1026 1024 1018 1011 1002 1002 1004 1005 1007 1010 1006 998 991 988 989 988 990 989 990 986 998 1003 1005 1013 1018 1018 1018 1016 1016 1007 1001 999 1013 1018 1019 1025 1031 1034 1039 1039 1047 1053 1059 1059 1060 1057 1054 1055 1056 1063 1069 1078 1089 1095 1101 1106 1113 1121 1129 1138 1146 1149 1146 1140 1133 1129 1129 1134 1131 1133
1038 1037 1038 1036 1029 1023 1015 1016 1016 1014 1014 1010 1014 1017 1025 1028 1030 1031 1029 1030 1031 1025 1019 1012 1011 1016 1022 1021 1018 1010 1006 1000 994 993 994 996 994 991 995 1003 1004 1010 1018 1022 1026 1026 1026 1025 1016 1008 1014 1020 1025 1028 1033 1037 1039 1037 1040 1052 1061 1065 1067 1069 1068 1066 1065 1067 1068 1072 1079 1086 1091 1095 1100 1106 1117 1129 1133 1139 1142 1141 1138 1129 1122 1119 1125 1130 1130
1041 1038 1035 1030 1026 1015 1011 1011 1015 1014 1011 1010 1013 1016 1025 1029 1030 1035 1038 1040 1036 1032 1028 1023 1022 1025 1029 1029 1024 1015 1013 1010 1005 998 998 1000 1002 1003 1005 1011 1010 1014 1025 1032 1036 1035 1036 1028 1021 1019 1020 1027 1035 1040 1045 1044 1043 1043 1050 1054 1066 1074 1078 1081 1077 1071 1069 1072 1077 1081 1087 1090 1093 1097 1097 1104 1111 1125 1132 1140 1137 1136 1135 1127 1116 1112 1112 1118 1126
1035 1032 1023 1022 1017 1015 1012 1006 1007 1005 1009 1010 1015 1022 1027 1031 1032 1035 1045 1048 1045 1039 1038 1034 1031 1031 1031 1032 1027 1021 1018 1017 1011 1002 999 1007 1010 1014 1012 1015 1017 1029 1038 1041 1048 1045 1046 1039 1038 1029 1029 1037 1045 1053 1052 1053 1051 1053 1056 1063 1073 1082 1085 1090 1090 1081 1080 1086 1090 1091 1093 1097 1098 1097 1097 1104 1113 1126 1133 1139 1139 1133 1128 1120 1114 1109 1108 1118 1124
1029 1022 1020 1014 1011 1008 1003 1000 1002 1002 1008 1015 1021 1027 1030 1033 1036 1041 1047 1050 1052 1050 1049 1047 1042 1040 1038 1037 1033 1026 1022 1021 1022 1017 1013 1017 1020 1021 1026 1024 1030 1041 1050 1052 1056 1061 1060 1056 1049 1047 1045 1049 1052 1053 1056 1066 1068 1069 1070 1076 1081 1087 1094 1100 1098 1092 1091 1097 1097 1095 1096 1100 1108 1104 1106 1112 1123 1135 1138 1138 1136 1129 1122 1118 1109 1111 1113 1123 1126
1022 1016 1010 1007 1005 1005 1005 1003 1005 1006 1016 1026 1028 1033 1039 1042 1046 1049 1052 1056 1057 1058 1059 1057 1053 1053 1049 1045 1042 1032 1031 1028 1029 1028 1026 1028 1033 1038 1040 1035 1042 1051 1059 1064 1068 1073 1068 1065 1058 1059 1060 1058 1058 1060 1072 1079 1080 1086 1087 1087 1089 1091 1096 1103 1110 1113 1112 1110 1106 1103 1102 1104 1101 1103 1106 1118 1131 1138 1141 1139 1133 1128 1123 1113 1107 1109 1120 1129 1133
1013 1010 1003 1000 1004 1006 1011 1010 1010 1011 1019 1025 1035 1041 1049 1056 1061 1063 1067 1067 1066 1067 1068 1065 1061 1059 1053 1050 1045 1043 1039 1034 1035 1041 1040 1042 1045 1050 1054 1054 1055 1059 1066 1073 1074 1076 1071 1073 1072 1069 1067 1064 1064 1070 1080 1094 1098 1104 1106 1100 1100 1097 1101 1111 1117 1122 1123 1120 1116 1110 1108 1104 1103 1107 1111 1117 1133 1142 1148 1140 1132 1127 1120 1110 1106 1107 1115 1128 1139
1008 1008 1006 1007 1012 1018 1019 1020 1020 1021 1026 1032 1043 1052 1062 1070 1074 1077 1082 1081 1082 1080 1079 1075 1068 1061 1057 1054 1049 1051 1047 1045 1042 1048 1052 1054 1057 1063 1067 1065 1068 1073 1069 1078 1080 1085 1085 1081 1081 1078 1075 1077 1083 1093 1100 1112 1116 1119 1119 1118 1114 1109 1108 1119 1122 1126 1126 1124 1123 1120 1111 1109 1105 1109 1110 1115 1130 1141 1146 1139 1128 1122 1114 1108 1103 1101 1111 1120 1135
1012 1017 1016 1015 1021 1026 1032 1030 1023 1029 1034 1038 1047 1061 1068 1074 1082 1091 1093 1092 1091 1088 1084 1079 1072 1064 1061 1055 1053 1056 1056 1054 1054 1061 1064 1068 1076 1077 1082 1080 1076 1077 1079 1081 1090 1097 1097 1093 1088 1084 1083 1089 1099 1109 1117 1122 1126 1127 1127 1124 1123 1123 1121 1127 1123 1123 1121 1121 1122 1121 1117 1117 1116 1115 1120 1121 1129 1141 1142 1135 1122 1114 1110 1107 1098 1099 1103 1116 1132
1018 1021 1022 1025 1028 1036 1043 1040 1035 1035 1038 1043 1053 1068 1077 1083 1091 1103 1100 1097 1094 1090 1088 1084 1077 1070 1065 1062 1063 1063 1061 1067 1070 1071 1074 1081 1087 1093 1094 1096 1098 1099 1091 1092 1099 1098 1095 1092 1087 1087 1087 1095 1108 1120 1127 1128 1130 1130 1128 1127 1130 1135 1137 1135 1127 1123 1120 1114 1115 1116 1120 1118 1121 1124 1127 1128 1131 1139 1140 1129 1118 1111 1109 1106 1100 1102 1102 1112 1129
1029 1029 1031 1034 1035 1046 1046 1043 1041 1042 1045 1050 1059 1071 1076 1090 1100 1104 1100 1099 1097 1097 1095 1089 1081 1077 1074 1071 1072 1072 1069 1071 1072 1076 1080 1087 1095 1100 1105 1111 1114 1108 1104 1095 1100 1094 1096 1094 1093 1087 1091 1100 1114 1124 1131 1131 1133 1136 1133 1132 1136 1141 1141 1136 1128 1120 1112 1107 1109 1112 1119 1127 1130 1133 1133 1134 1133 1133 1134 1126 1112 1103 1100 1101 1102 1100 1104 1110 1119
1039 1042 1044 1041 1049 1049 1049 1046 1048 1055 1058 1059 1068 1075 1079 1089 1094 1099 1099 1100 1103 1102 1100 1093 1090 1086 1085 1084 1084 1082 1081 1079 1077 1081 1085 1090 1094 1099 1111 1119 1123 1119 1113 1108 1100 1100 1099 1101 1098 1097 1097 1109 1124 1134 1137 1137 1139 1141 1141 1139 1137 1142 1142 1135 1125 1110 1103 1101 1103 1108 1116 1123 1132 1132 1131 1129 1129 1135 1131 1117 1106 1098 1092 1097 1100 1097 1102 1109 1119
1043 1044 1045 1046 1047 1050 1052 1053 1061 1066 1070 1072 1073 1079 1083 1090 1094 1096 1096 1100 1105 1106 1102 1094 1092 1091 1093 1094 1089 1088 1086 1088 1085 1089 1097 1103 1102 1110 1119 1128 1128 1126 1123 1115 1108 1112 1107 1107 1105 1105 1107 1116 1132 1144 1148 1149 1149 1149 1147 1142 1139 1138 1134 1128 1110 1101 1099 1098 1097 1102 1111 1123 1130 1135 1136 1136 1133 1134 1127 1109 1098 1091 1093 1089 1091 1098 1099 1110 1120
1048 1045 1047 1049 1050 1054 1057 1062 1065 1069 1073 1075 1078 1083 1087 1090 1093 1096 1095 1094 1099 1100 1094 1091 1093 1096 1100 1096 1092 1090 1091 1088 1090 1097 1100 1109 1116 1115 1120 1128 1130 1131 1132 1127 1122 1119 1118 1116 1107 1110 1112 1123 1138 1146 1150 1151 1152 1150 1148 1145 1138 1128 1121 1108 1102 1098 1096 1097 1100 1107 1113 1119 1125 1132 1136 1138 1130 1128 1122 1108 1098 1092 1086 1085 1085 1093 1098 1102 1114
1049 1048 1052 1052 1052 1061 1065 1069 1070 1070 1073 1073 1080 1085 1091 1093 1094 1096 1094 1093 1094 1092 1092 1091 1093 1098 1101 1091 1085 1084 1086 1087 1086 1089 1100 1099 1111 1113 1118 1122 1128 1132 1132 1134 1130 1125 1125 1121 1119 1117 1117 1125 1142 1151 1152 1151 1148 1147 1144 1137 1123 1110 1105 1096 1095 1089 1087 1093 1098 1106 1112 1120 1117 1125 1129 1135 1132 1121 1114 1105 1094 1089 1080 1081 1078 1083 1091 1098 1107
1054 1053 1049 1055 1063 1070 1073 1075 1075 1074 1076 1080 1078 1082 1091 1096 1097 1095 1092 1089 1088 1087 1090 1092 1094 1098 1093 1085 1078 1073 1070 1070 1065 1069 1075 1084 1084 1098 1105 1115 1122 1129 1135 1138 1134 1129 1123 1121 1120 1117 1118 1124 1140 1149 1148 1142 1138 1133 1127 1118 1111 1093 1087 1080 1081 1080 1080 1084 1090 1094 1103 1100 1103 1111 1120 1126 1126 1119 1111 1100 1094 1088 1083 1079 1075 1079 1084 1090 1099
1058 1062 1063 1062 1068 1077 1081 1079 1080 1081 1086 1085 1084 1083 1090 1094 1094 1092 1085 1082 1080 1081 1084 1088 1088 1086 1084 1075 1071 1065 1052 1043 1042 1043 1053 1065 1071 1076 1083 1090 1097 1114 1122 1128 1126 1120 1112 1105 1109 1109 1111 1114 1118 1136 1140 1138 1133 1123 1116 1108 1096 1089 1080 1077 1068 1066 1075 1084 1084 1090 1095 1093 1096 1100 1110 1118 1119 1114 1102 1091 1092 1089 1085 1080 1077 1076 1082 1088 1097
1067 1066 1070 1069 1074 1081 1081 1082 1080 1083 1085 1087 1087 1084 1084 1087 1083 1081 1073 1068 1065 1069 1072 1075 1076 1078 1084 1078 1066 1058 1046 1027 1023 1025 1034 1045 1053 1064 1070 1077 1085 1100 1108 1116 1112 1106 1097 1090 1092 1092 1095 1101 1108 1120 1124 1126 1124 1115 1106 1099 1097 1092 1081 1070 1064 1061 1058 1070 1081 1086 1085 1089 1096 1100 1102 1112 1114 1107 1093 1083 1082 1082 1079 1078 1076 1076 1081 1089 1096
1060 1062 1067 1070 1076 1075 1074 1070 1069 1078 1079 1076 1072 1073 1074 1073 1069 1064 1060 1058 1056 1059 1060 1066 1071 1081 1085 1081 1060 1040 1024 1013 1015 1016 1022 1030 1036 1047 1055 1066 1075 1088 1100 1105 1100 1095 1091 1088 1087 1085 1086 1090 1093 1100 1109 1111 1108 1104 1102 1097 1094 1088 1077 1065 1056 1048 1049 1057 1069 1079 1080 1088 1100 1108 1108 1108 1105 1100 1088 1077 1074 1073 1069 1070 1073 1077 1081 1087 1094
1057 1067 1070 1075 1074 1070 1065 1059 1061 1063 1062 1059 1058 1058 1057 1056 1051 1045 1035 1037 1038 1043 1045 1052 1060 1072 1076 1072 1051 1037 1017 1008 1007 1011 1019 1024 1027 1034 1046 1058 1069 1077 1093 1099 1092 1089 1087 1084 1083 1080 1079 1077 1080 1086 1091 1091 1093 1089 1093 1091 1088 1085 1078 1058 1046 1046 1048 1052 1060 1071 1079 1088 1102 1107 1103 1100 1102 1094 1080 1068 1062 1063 1070 1069 1069 1074 1076 1083 1094
1065 1068 1072 1075 1073 1065 1059 1052 1053 1049 1041 1035 1035 1030 1029 1024 1023 1020 1014 1023 1022 1023 1024 1038 1052 1064 1066 1051 1042 1025 1011 1005 999 1002 1009 1014 1021 1031 1043 1054 1069 1074 1084 1086 1079 1079 1078 1076 1072 1069 1067 1065 1069 1077 1078 1076 1073 1074 1070 1071 1071 1078 1066 1058 1045 1042 1043 1048 1055 1062 1076 1089 1093 1096 1096 1093 1094 1085 1076 1067 1063 1057 1062 1061 1055 1057 1067 1079 1084
1071 1070 1073 1073 1067 1060 1048 1041 1033 1023 1015 1011 1006 1003 1000 994 993 988 991 996 1009 1016 1025 1027 1042 1053 1050 1042 1035 1014 999 992 997 999 1004 1011 1016 1031 1045 1057 1066 1074 1075 1073 1070 1062 1061 1060 1055 1055 1057 1061 1066 1068 1066 1060 1051 1054 1058 1055 1057 1061 1057 1052 1045 1040 1042 1050 1051 1055 1076 1085 1085 1084 1082 1085 1084 1086 1075 1062 1058 1058 1062 1064 1053 1054 1059 1066 1071
1064 1062 1057 1053 1050 1044 1034 1018 1002 991 986 985 982 982 973 970 971 975 971 982 993 1009 1016 1022 1029 1039 1037 1031 1025 1001 992 988 986 990 1002 1010 1018 1033 1045 1058 1061 1067 1064 1064 1056 1052 1045 1046 1047 1049 1053 1055 1060 1061 1056 1043 1043 1041 1042 1041 1048 1052 1054 1047 1045 1039 1040 1042 1050 1058 1079 1082 1076 1079 1070 1074 1080 1079 1068 1057 1051 1052 1063 1059 1058 1054 1059 1065 1070
1034 1036 1036 1032 1029 1021 1007 993 975 966 962 959 961 958 949 943 938 938 956 969 986 1000 1011 1017 1022 1033 1031 1024 1007 996 992 988 985 982 998 1008 1022 1036 1043 1050 1055 1057 1050 1048 1051 1043 1037 1035 1035 1040 1043 1052 1056 1056 1044 1035 1035 1037 1035 1036 1041 1050 1053 1050 1045 1036 1036 1038 1041 1058 1069 1081 1080 1077 1067 1071 1081 1078 1066 1049 1040 1042 1048 1045 1044 1050 1053 1060 1066
1009 1008 1007 1000 1003 996 984 977 959 948 947 944 938 931 920 913 919 922 939 953 970 979 996 1005 1011 1015 1000 998 992 983 988 985 984 982 992 1009 1022 1024 1033 1032 1026 1027 1030 1033 1035 1035 1029 1026 1022 1024 1033 1046 1053 1054 1042 1030 1026 1027 1028 1030 1040 1052 1054 1050 1043 1028 1034 1032 1048 1059 1064 1068 1070 1072 1063 1071 1075 1073 1057 1043 1033 1029 1034 1041 1037 1041 1050 1055 1065
988 990 986 980 977 969 968 956 943 929 925 920 913 908 902 897 898 902 914 923 943 956 971 986 990 994 981 977 975 974 975 979 983 982 991 1008 1013 1017 1014 1015 1014 1010 1012 1013 1025 1027 1022 1018 1012 1016 1027 1037 1044 1048 1034 1025 1021 1020 1022 1027 1040 1043 1049 1044 1032 1032 1034 1038 1051 1055 1056 1054 1060 1067 1067 1068 1066 1057 1043 1039 1039 1027 1030 1030 1028 1037 1047 1050 1056
963 964 962 955 948 946 941 937 919 906 897 895 894 890 884 882 884 890 904 912 925 937 947 962 968 975 971 972 974 969 969 969 967 976 990 1005 1012 1009 1002 1001 1001 1003 1000 1000 1003 1012 1015 1011 1008 1009 1020 1031 1038 1034 1031 1020 1015 1012 1018 1024 1034 1039 1032 1030 1024 1027 1034 1041 1044 1048 1044 1050 1052 1057 1062 1062 1055 1041 1036 1028 1033 1030 1029 1026 1028 1027 1035 1041 1043
935 928 927 927 927 922 914 913 903 889 881 870 873 873 866 863 859 875 889 895 908 918 925 940 955 964 968 967 960 957 956 956 957 961 985 995 1009 1004 995 990 987 991 994 990 991 1003 1002 1002 1003 1008 1013 1024 1033 1029 1025 1018 1008 1007 1011 1018 1022 1024 1019 1021 1025 1030 1037 1040 1033 1027 1027 1033 1039 1050 1058 1056 1049 1034 1026 1023 1024 1024 1023 1024 1024 1021 1018 1025 1027
922 915 908 903 902 899 893 887 883 874 863 853 854 858 855 848 847 857 872 881 886 891 901 919 940 952 958 962 958 953 945 941 945 955 966 992 996 996 987 981 982 986 989 992 987 984 992 990 995 999 1009 1017 1023 1024 1017 1006 998 993 998 1005 1007 1013 1011 1016 1025 1031 1030 1032 1026 1015 1017 1029 1036 1042 1052 1049 1043 1033 1023 1020 1019 1016 1014 1013 1006 1005 1009 1018 1019
916 901 899 894 878 877 870 870 862 861 856 846 846 849 844 838 839 849 859 871 872 873 879 895 916 931 942 949 950 949 941 932 935 942 963 973 982 975 972 972 976 975 980 985 980 982 984 984 991 998 1006 1014 1020 1019 1010 998 987 985 984 989 993 998 1004 1013 1022 1028 1027 1025 1018 1011 1012 1019 1025 1036 1043 1041 1032 1027 1023 1016 1012 1011 1006 1005 1000 1000 1002 1006 1009
911 905 896 884 874 869 862 853 850 850 847 841 839 839 838 832 831 839 848 852 849 854 866 877 894 910 926 938 941 941 938 926 925 934 954 967 964 961 959 957 956 962 969 979 977 983 983 981 992 992 1001 1007 1011 1010 1004 991 980 979 977 977 979 986 994 1006 1014 1008 1004 996 997 1006 1007 1015 1022 1031 1031 1023 1018 1014 1015 1013 1010 1004 1001 996 996 997 1000 1000 1001
908 905 903 874 871 860 839 841 840 839 837 836 836 832 827 819 819 823 829 831 832 840 850 859 875 890 905 915 929 934 929 914 920 931 943 953 948 945 946 940 945 950 960 966 973 976 977 979 985 990 993 995 1001 1004 992 982 975 974 973 972 972 976 984 996 1000 999 987 980 990 999 1006 1015 1023 1026 1028 1014 1011 1009 1004 1005 1000 993 993 992 993 991 994 999 994
906 900 896 878 858 841 833 834 831 829 826 823 820 819 813 808 807 814 817 816 820 824 833 846 859 874 883 896 906 913 912 914 909 918 928 939 939 936 932 928 930 938 951 956 964 972 971 972 973 979 977 976 982 988 982 977 967 965 963 964 971 978 984 990 991 992 979 976 979 989 1003 1011 1017 1021 1018 1009 1007 1004 1004 999 992 988 986 990 991 989 986 988 987
900 889 880 863 844 839 833 825 821 816 812 805 802 798 798 796 794 802 804 808 809 816 825 836 845 860 867 885 897 900 895 889 895 900 915 927 931 927 919 917 922 931 943 952 952 954 952 951 960 954 964 961 965 970 972 961 951 949 947 955 965 972 981 980 980 982 974 975 975 980 992 1001 1008 1008 1002 998 1001 1003 1001 996 987 984 986 994 988 985 978 977 979
