PendWGS84.asc
ncols        753
nrows        868
xllcorner    -84.341250000000
yllcorner    9.623194444505
cellsize     0.000277777778
[rows 520 to 559 of 868, columns 445 to 533 of 753]
821 816 813 818 832 840 842 848 854 863 865 866 869 881 886 891 893 899 913 930 945 969 982 992 994 993 992 1000 1012 1020 1022 1023 1025 1036 1043 1060 1081 1094 1095 1093 1093 1101 1116 1121 1124 1135 1140 1144 1149 1154 1160 1163 1173 1180 1188 1194 1198 1199 1205 1212 1229 1234 1241 1256 1269 1293 1322 1333 1344 1351 1349 1348 1338 1326 1322 1327 1331 1345 1362 1382 1378 1387 1391 1398 1406 1420 1430 1434 1446
825 818 822 830 843 851 851 858 864 877 883 882 881 882 889 892 896 905 920 932 950 978 1008 1016 1019 1012 1011 1014 1025 1027 1028 1035 1036 1041 1055 1062 1072 1087 1089 1084 1084 1087 1103 1112 1117 1126 1136 1142 1150 1155 1159 1167 1177 1185 1199 1206 1212 1210 1212 1224 1233 1239 1247 1265 1276 1286 1308 1334 1352 1356 1361 1356 1350 1339 1337 1332 1342 1350 1378 1389 1397 1394 1401 1406 1416 1419 1422 1424 1433
827 827 829 842 851 858 867 874 878 878 884 891 888 889 891 897 905 908 929 942 974 1015 1023 1033 1040 1036 1031 1026 1030 1041 1051 1049 1047 1050 1062 1074 1078 1087 1083 1083 1076 1081 1088 1096 1109 1120 1134 1143 1149 1154 1161 1168 1176 1190 1206 1219 1225 1222 1225 1235 1241 1245 1257 1269 1277 1287 1309 1332 1351 1360 1365 1365 1358 1352 1347 1345 1349 1360 1383 1393 1399 1406 1414 1416 1417 1419 1418 1422 1430
840 844 847 853 862 871 878 885 887 887 889 893 896 902 897 900 906 920 934 957 969 1024 1033 1043 1049 1048 1046 1046 1045 1060 1071 1066 1063 1067 1075 1083 1089 1088 1086 1084 1080 1080 1091 1099 1110 1123 1127 1136 1142 1150 1157 1163 1174 1182 1198 1218 1227 1229 1236 1243 1249 1253 1260 1268 1275 1291 1318 1339 1350 1360 1364 1368 1368 1360 1354 1356 1359 1372 1384 1397 1406 1408 1417 1418 1421 1413 1411 1416 1430
852 854 860 870 875 879 888 897 903 904 901 908 911 914 914 911 930 940 956 975 1006 1026 1044 1053 1060 1058 1059 1060 1061 1071 1080 1079 1079 1085 1090 1097 1097 1093 1088 1085 1087 1092 1100 1107 1112 1124 1132 1140 1145 1152 1157 1165 1176 1188 1199 1212 1219 1231 1246 1254 1255 1255 1263 1272 1278 1298 1317 1347 1352 1361 1361 1365 1373 1365 1363 1364 1369 1379 1393 1397 1410 1405 1407 1416 1414 1404 1404 1412 1426
859 864 870 876 879 885 896 907 911 913 911 915 921 936 943 948 959 958 970 992 1009 1027 1041 1057 1067 1068 1068 1066 1079 1085 1090 1088 1094 1099 1108 1115 1117 1109 1101 1094 1096 1103 1109 1119 1122 1133 1150 1156 1155 1159 1172 1187 1190 1197 1214 1222 1219 1234 1251 1259 1262 1263 1271 1280 1303 1298 1321 1345 1353 1356 1362 1366 1372 1378 1379 1378 1381 1388 1395 1397 1403 1403 1403 1409 1408 1404 1403 1405 1431
866 869 878 882 886 899 904 912 912 911 909 915 943 948 969 979 978 979 986 1001 1019 1030 1053 1071 1074 1078 1078 1083 1089 1099 1109 1106 1107 1120 1128 1131 1135 1125 1114 1098 1101 1108 1120 1143 1160 1167 1178 1180 1179 1184 1195 1205 1212 1221 1228 1226 1236 1246 1247 1252 1257 1264 1280 1290 1301 1298 1318 1342 1351 1357 1366 1372 1383 1387 1384 1383 1388 1395 1394 1391 1399 1401 1402 1403 1410 1409 1410 1415 1428
866 866 879 887 893 903 907 910 910 912 907 919 948 972 980 995 998 1001 1002 1004 1020 1037 1064 1076 1083 1091 1103 1103 1106 1111 1120 1128 1132 1147 1153 1154 1153 1131 1125 1124 1121 1130 1143 1162 1180 1188 1194 1196 1204 1209 1215 1227 1245 1254 1252 1244 1242 1255 1260 1267 1271 1275 1285 1297 1301 1312 1324 1344 1352 1359 1362 1371 1383 1389 1387 1389 1394 1394 1389 1390 1392 1402 1404 1407 1415 1419 1421 1422 1430
863 865 876 888 897 902 909 912 911 914 914 928 956 982 996 1007 1021 1024 1010 1014 1040 1050 1057 1075 1094 1104 1119 1115 1117 1122 1133 1146 1161 1174 1176 1171 1166 1153 1148 1146 1150 1155 1169 1182 1195 1206 1205 1215 1227 1227 1237 1249 1265 1269 1282 1279 1274 1284 1281 1277 1275 1282 1293 1307 1313 1321 1328 1341 1348 1354 1359 1367 1377 1384 1385 1387 1395 1390 1384 1388 1395 1402 1410 1414 1419 1423 1429 1437 1434
868 871 878 889 902 906 909 917 916 920 926 941 959 986 1007 1018 1027 1032 1045 1039 1050 1064 1072 1084 1108 1123 1129 1131 1130 1128 1143 1165 1182 1187 1189 1180 1175 1169 1156 1162 1174 1185 1201 1216 1217 1216 1232 1233 1236 1236 1252 1268 1286 1300 1296 1291 1292 1292 1292 1285 1278 1293 1300 1315 1324 1328 1332 1339 1346 1348 1352 1358 1369 1380 1380 1384 1390 1390 1388 1389 1395 1403 1413 1416 1421 1428 1431 1436 1445
880 880 881 888 904 912 920 927 923 927 939 951 967 989 1004 1025 1038 1061 1058 1052 1066 1075 1087 1099 1115 1126 1140 1147 1146 1141 1165 1179 1194 1197 1192 1192 1188 1178 1184 1188 1210 1209 1223 1234 1241 1241 1247 1249 1262 1271 1276 1290 1305 1319 1325 1317 1301 1306 1301 1301 1301 1307 1308 1323 1330 1328 1333 1338 1346 1343 1347 1354 1364 1370 1381 1381 1388 1392 1384 1382 1389 1403 1408 1416 1425 1430 1433 1439 1440
894 895 891 897 909 917 929 932 931 936 953 963 977 993 1014 1035 1054 1057 1066 1079 1087 1091 1098 1104 1121 1140 1149 1164 1163 1164 1177 1195 1206 1204 1199 1201 1202 1202 1211 1218 1229 1228 1238 1245 1257 1267 1274 1278 1277 1290 1303 1319 1330 1338 1341 1340 1323 1321 1324 1321 1312 1307 1335 1328 1332 1340 1345 1347 1349 1352 1355 1357 1361 1365 1374 1387 1393 1393 1391 1391 1395 1399 1401 1407 1415 1424 1429 1438 1443
910 906 903 904 913 924 934 941 949 953 965 979 988 1000 1021 1037 1049 1056 1076 1088 1101 1105 1109 1113 1134 1151 1171 1183 1183 1184 1190 1203 1206 1210 1205 1208 1220 1222 1243 1254 1247 1246 1249 1259 1269 1281 1284 1294 1312 1315 1325 1343 1353 1355 1361 1356 1352 1348 1349 1344 1334 1333 1344 1339 1341 1347 1346 1353 1355 1359 1360 1365 1369 1372 1382 1384 1399 1399 1396 1394 1394 1392 1388 1399 1405 1415 1424 1435 1444
925 915 905 906 919 930 930 947 957 959 970 981 990 1002 1015 1023 1033 1050 1072 1095 1105 1117 1120 1137 1147 1157 1186 1195 1199 1202 1203 1207 1217 1220 1222 1229 1239 1250 1267 1276 1274 1269 1272 1276 1296 1304 1317 1330 1338 1349 1354 1364 1373 1388 1383 1382 1376 1373 1373 1350 1346 1353 1352 1361 1358 1358 1359 1359 1358 1360 1362 1364 1369 1375 1384 1390 1396 1400 1402 1399 1393 1390 1390 1387 1395 1405 1414 1427 1437
934 929 923 923 924 926 941 951 959 967 974 982 993 1005 1015 1027 1039 1056 1077 1103 1118 1123 1136 1147 1152 1165 1190 1206 1215 1217 1219 1224 1236 1242 1248 1250 1255 1268 1291 1305 1308 1301 1298 1304 1334 1341 1363 1373 1376 1386 1387 1389 1394 1403 1408 1408 1399 1391 1380 1369 1356 1360 1365 1367 1374 1372 1367 1360 1360 1363 1361 1366 1369 1375 1381 1386 1392 1395 1396 1396 1392 1390 1391 1386 1390 1398 1404 1421 1431
954 943 932 928 932 939 949 962 969 980 980 983 999 1009 1018 1032 1049 1066 1089 1104 1116 1130 1146 1153 1168 1180 1209 1216 1228 1235 1247 1252 1250 1252 1268 1277 1283 1296 1316 1331 1334 1330 1331 1335 1359 1387 1391 1399 1407 1407 1414 1421 1423 1428 1436 1429 1418 1407 1391 1383 1388 1380 1383 1376 1373 1376 1368 1366 1362 1361 1365 1366 1372 1375 1380 1384 1385 1390 1393 1392 1390 1390 1388 1390 1390 1393 1404 1412 1420
966 955 942 934 938 949 956 973 977 987 990 991 999 1007 1015 1042 1051 1076 1101 1120 1122 1141 1160 1164 1173 1197 1213 1227 1236 1249 1261 1272 1277 1270 1288 1297 1307 1319 1332 1342 1347 1351 1350 1353 1383 1396 1412 1424 1422 1434 1442 1454 1454 1454 1458 1450 1435 1423 1417 1401 1401 1402 1392 1381 1375 1374 1377 1369 1361 1360 1360 1366 1368 1372 1376 1373 1379 1382 1385 1388 1386 1387 1390 1386 1390 1390 1400 1410 1416
973 966 959 950 953 958 973 982 993 995 998 998 1000 1004 1025 1038 1057 1082 1100 1126 1133 1153 1164 1174 1182 1202 1227 1235 1245 1257 1272 1285 1291 1296 1304 1313 1326 1340 1353 1360 1368 1373 1385 1390 1398 1424 1424 1442 1443 1474 1472 1489 1500 1501 1483 1477 1458 1450 1441 1429 1423 1424 1403 1385 1375 1376 1388 1385 1373 1367 1360 1360 1356 1360 1361 1365 1371 1374 1376 1378 1380 1382 1387 1386 1387 1392 1400 1412 1420
982 976 972 965 961 964 975 993 1006 1007 1014 1011 1010 1026 1035 1046 1061 1082 1100 1125 1141 1160 1167 1175 1191 1213 1227 1242 1260 1269 1286 1299 1314 1325 1330 1336 1352 1368 1379 1375 1381 1402 1415 1412 1421 1427 1446 1454 1472 1498 1504 1507 1518 1513 1507 1490 1485 1472 1465 1456 1444 1437 1417 1400 1391 1388 1396 1392 1390 1376 1364 1358 1354 1359 1359 1364 1371 1373 1381 1385 1385 1388 1390 1388 1389 1392 1398 1414 1425
985 989 982 977 972 968 986 1003 1010 1025 1029 1024 1030 1037 1044 1065 1087 1100 1105 1129 1135 1161 1173 1188 1204 1226 1243 1255 1268 1286 1301 1318 1333 1350 1356 1367 1380 1393 1395 1398 1405 1424 1434 1435 1441 1445 1458 1482 1504 1508 1520 1528 1533 1530 1534 1522 1510 1495 1496 1487 1480 1465 1440 1424 1407 1399 1400 1404 1400 1384 1367 1358 1353 1359 1365 1374 1380 1381 1388 1396 1395 1398 1400 1399 1394 1402 1411 1420 1426
992 994 985 987 981 987 1000 1009 1026 1033 1048 1043 1055 1069 1070 1088 1100 1107 1119 1135 1154 1166 1188 1203 1225 1246 1261 1273 1290 1304 1317 1339 1353 1368 1377 1386 1398 1406 1412 1423 1439 1449 1455 1459 1458 1470 1484 1497 1511 1523 1541 1556 1559 1560 1553 1541 1535 1530 1519 1504 1494 1481 1464 1444 1428 1416 1409 1407 1406 1399 1375 1364 1356 1359 1368 1379 1385 1388 1392 1398 1401 1407 1409 1409 1406 1406 1415 1422 1429
1002 995 998 995 989 996 999 1019 1040 1049 1067 1078 1079 1098 1105 1105 1114 1118 1139 1147 1164 1175 1195 1213 1235 1254 1273 1288 1307 1322 1338 1357 1370 1380 1392 1407 1416 1421 1432 1452 1464 1476 1474 1479 1472 1490 1521 1530 1535 1550 1562 1578 1586 1582 1583 1562 1557 1552 1536 1517 1505 1493 1484 1465 1450 1432 1418 1418 1411 1407 1390 1371 1369 1367 1371 1378 1386 1393 1394 1401 1407 1410 1416 1417 1414 1413 1419 1429 1438
1010 1009 1009 1004 995 998 1011 1025 1050 1073 1083 1099 1111 1113 1122 1120 1124 1148 1164 1168 1178 1186 1197 1212 1235 1251 1276 1299 1316 1336 1357 1369 1385 1390 1406 1425 1435 1445 1454 1475 1491 1503 1503 1504 1515 1521 1532 1550 1561 1570 1585 1598 1605 1592 1590 1589 1574 1563 1560 1548 1531 1514 1509 1493 1475 1455 1436 1425 1414 1405 1397 1388 1376 1372 1382 1387 1397 1402 1406 1410 1421 1423 1419 1423 1421 1414 1427 1434 1447
1027 1017 1009 1005 1004 1002 1011 1038 1062 1079 1092 1104 1116 1128 1135 1141 1147 1157 1179 1182 1187 1196 1208 1222 1236 1256 1280 1302 1321 1344 1357 1383 1398 1406 1421 1437 1449 1460 1471 1491 1506 1507 1514 1513 1519 1537 1556 1580 1589 1595 1605 1614 1613 1604 1604 1600 1594 1581 1568 1554 1543 1543 1528 1511 1492 1471 1453 1435 1412 1402 1398 1395 1390 1388 1388 1395 1402 1410 1419 1422 1427 1435 1439 1439 1431 1429 1431 1441 1442
1043 1021 1014 1014 1005 1012 1021 1042 1065 1081 1085 1100 1117 1132 1143 1152 1163 1181 1188 1195 1198 1208 1225 1236 1248 1269 1289 1305 1330 1351 1374 1395 1412 1423 1438 1448 1454 1463 1479 1497 1504 1515 1514 1511 1522 1540 1580 1587 1597 1612 1610 1613 1614 1617 1611 1602 1598 1597 1588 1585 1578 1568 1553 1535 1514 1491 1471 1458 1429 1407 1402 1401 1397 1394 1394 1401 1408 1415 1420 1431 1439 1448 1451 1449 1441 1434 1435 1442 1442
1057 1027 1021 1018 1024 1023 1040 1050 1069 1074 1082 1104 1120 1134 1148 1160 1169 1185 1194 1195 1199 1209 1229 1238 1253 1277 1298 1313 1339 1354 1380 1395 1416 1432 1439 1445 1454 1462 1478 1497 1503 1514 1511 1518 1533 1541 1575 1586 1601 1609 1611 1615 1614 1617 1612 1607 1601 1599 1601 1596 1592 1589 1586 1558 1540 1516 1492 1464 1447 1418 1409 1406 1400 1401 1404 1412 1414 1422 1431 1441 1450 1460 1457 1451 1446 1442 1443 1445 1450
1058 1044 1031 1034 1033 1042 1048 1051 1060 1067 1095 1112 1124 1133 1151 1165 1172 1185 1190 1186 1194 1205 1227 1234 1246 1279 1305 1321 1341 1352 1380 1400 1413 1426 1435 1438 1449 1462 1479 1492 1510 1511 1512 1518 1534 1548 1566 1580 1589 1602 1608 1608 1605 1600 1604 1607 1607 1609 1611 1610 1606 1598 1599 1586 1560 1541 1517 1486 1457 1436 1418 1409 1403 1404 1407 1412 1418 1423 1436 1449 1456 1461 1458 1460 1455 1450 1454 1450 1453
1062 1053 1051 1050 1045 1047 1051 1053 1058 1076 1107 1122 1136 1144 1157 1166 1168 1174 1180 1180 1183 1195 1215 1227 1242 1277 1300 1316 1343 1359 1377 1391 1401 1421 1433 1439 1451 1461 1484 1509 1515 1517 1518 1526 1534 1542 1557 1571 1576 1584 1599 1597 1596 1589 1592 1598 1605 1611 1617 1616 1612 1612 1611 1601 1582 1558 1545 1499 1470 1453 1438 1419 1407 1406 1406 1412 1410 1415 1430 1447 1458 1461 1462 1467 1470 1471 1461 1458 1460
1075 1067 1060 1058 1048 1046 1047 1052 1078 1099 1115 1127 1135 1146 1164 1166 1165 1160 1166 1169 1176 1185 1197 1229 1248 1271 1301 1307 1326 1345 1359 1375 1394 1408 1420 1432 1454 1470 1490 1508 1514 1516 1524 1529 1534 1539 1544 1554 1551 1558 1559 1565 1569 1577 1585 1594 1602 1612 1618 1621 1615 1615 1621 1612 1587 1568 1556 1527 1494 1469 1452 1429 1413 1406 1404 1402 1408 1416 1430 1445 1455 1459 1468 1474 1481 1478 1471 1466 1468
1081 1072 1064 1062 1051 1045 1050 1052 1081 1110 1120 1131 1138 1144 1152 1153 1148 1143 1146 1164 1173 1184 1208 1227 1241 1266 1288 1303 1306 1330 1340 1354 1378 1395 1406 1427 1452 1467 1481 1496 1511 1513 1521 1525 1526 1529 1524 1522 1521 1535 1543 1554 1553 1561 1576 1584 1587 1601 1611 1612 1615 1617 1622 1617 1596 1573 1559 1544 1525 1490 1466 1444 1420 1409 1402 1405 1407 1419 1438 1454 1462 1467 1472 1479 1484 1481 1485 1481 1485
1069 1062 1066 1060 1057 1051 1055 1056 1078 1104 1127 1131 1134 1140 1136 1125 1114 1115 1141 1153 1166 1186 1210 1229 1235 1248 1270 1287 1295 1302 1325 1342 1354 1374 1400 1416 1437 1461 1466 1476 1488 1498 1507 1513 1509 1501 1493 1497 1505 1504 1526 1541 1549 1559 1565 1577 1583 1596 1608 1608 1605 1613 1619 1623 1604 1582 1565 1549 1530 1506 1491 1469 1441 1426 1415 1411 1418 1437 1446 1459 1465 1471 1477 1482 1487 1493 1503 1512 1507
1055 1054 1058 1054 1055 1051 1057 1067 1080 1098 1114 1124 1129 1120 1119 1106 1107 1107 1119 1140 1162 1184 1209 1218 1228 1234 1245 1264 1275 1283 1309 1326 1339 1361 1386 1400 1418 1442 1455 1462 1468 1471 1478 1487 1483 1477 1482 1489 1497 1502 1511 1526 1545 1558 1568 1574 1585 1588 1599 1600 1598 1613 1618 1619 1610 1598 1576 1557 1540 1525 1502 1483 1463 1438 1428 1426 1426 1453 1457 1458 1473 1479 1483 1488 1499 1509 1516 1518 1521
1040 1042 1046 1051 1048 1052 1053 1063 1070 1085 1099 1107 1103 1103 1100 1097 1103 1111 1124 1142 1162 1177 1194 1209 1212 1216 1220 1238 1252 1271 1280 1306 1326 1342 1362 1382 1402 1417 1432 1437 1451 1457 1458 1464 1461 1471 1472 1481 1495 1509 1514 1526 1539 1554 1567 1575 1585 1588 1591 1594 1599 1607 1618 1619 1612 1605 1588 1570 1552 1535 1515 1493 1472 1444 1438 1432 1449 1457 1459 1470 1477 1480 1488 1491 1502 1514 1524 1533 1527
1029 1028 1034 1038 1039 1046 1048 1058 1067 1074 1084 1086 1087 1091 1089 1091 1098 1109 1126 1143 1160 1173 1181 1192 1193 1194 1200 1211 1231 1257 1271 1290 1304 1331 1344 1360 1368 1395 1418 1420 1422 1438 1447 1450 1457 1465 1475 1488 1501 1507 1525 1529 1537 1543 1549 1561 1568 1579 1584 1585 1587 1592 1603 1607 1600 1592 1585 1577 1563 1544 1523 1501 1485 1455 1448 1450 1450 1461 1474 1480 1490 1488 1490 1494 1505 1515 1528 1537 1540
1016 1015 1025 1025 1028 1029 1037 1041 1057 1068 1075 1074 1078 1082 1075 1080 1082 1098 1110 1130 1143 1160 1171 1169 1176 1180 1184 1189 1207 1239 1261 1282 1294 1310 1328 1337 1355 1373 1396 1397 1417 1417 1435 1446 1454 1466 1477 1495 1497 1509 1515 1528 1528 1530 1537 1544 1555 1564 1575 1582 1575 1575 1570 1573 1583 1582 1581 1573 1563 1552 1534 1518 1497 1462 1458 1457 1458 1467 1485 1495 1503 1501 1496 1508 1516 1524 1533 1550 1562
1011 1012 1019 1023 1024 1024 1033 1033 1048 1065 1069 1070 1075 1068 1070 1066 1076 1086 1100 1108 1129 1132 1138 1154 1164 1172 1178 1179 1193 1236 1258 1279 1289 1298 1312 1327 1346 1357 1367 1376 1398 1415 1427 1441 1450 1469 1479 1485 1492 1500 1512 1516 1521 1516 1524 1534 1540 1548 1560 1567 1566 1567 1557 1557 1561 1571 1568 1565 1566 1556 1538 1526 1511 1471 1465 1464 1474 1472 1488 1501 1504 1508 1504 1517 1523 1527 1543 1558 1565
1015 1013 1017 1018 1020 1030 1034 1039 1039 1049 1064 1066 1061 1052 1050 1060 1068 1076 1091 1101 1112 1123 1126 1134 1154 1168 1175 1183 1193 1221 1248 1271 1284 1290 1298 1313 1336 1345 1354 1365 1382 1408 1410 1430 1445 1463 1474 1483 1471 1466 1491 1492 1507 1507 1514 1524 1534 1540 1549 1554 1555 1550 1549 1552 1560 1563 1564 1562 1564 1555 1544 1530 1507 1488 1475 1473 1478 1489 1499 1510 1519 1524 1525 1529 1534 1549 1561 1563 1578
1016 1013 1015 1015 1019 1023 1029 1028 1024 1028 1043 1052 1051 1048 1042 1052 1064 1081 1086 1094 1101 1116 1129 1139 1151 1168 1176 1188 1196 1208 1225 1252 1264 1280 1288 1306 1327 1330 1346 1363 1383 1401 1416 1437 1448 1462 1470 1477 1461 1469 1470 1488 1494 1499 1507 1512 1527 1533 1539 1541 1544 1541 1538 1540 1543 1554 1557 1557 1556 1546 1546 1533 1522 1502 1502 1492 1498 1505 1513 1523 1528 1541 1544 1545 1552 1557 1563 1571 1581
996 996 999 1008 1019 1018 1019 1018 1019 1025 1027 1039 1045 1045 1042 1047 1061 1072 1085 1093 1099 1112 1132 1149 1160 1173 1182 1194 1202 1202 1220 1234 1249 1266 1275 1302 1315 1328 1342 1364 1386 1403 1415 1434 1450 1457 1466 1465 1467 1464 1471 1486 1489 1494 1499 1511 1521 1530 1532 1534 1535 1535 1535 1537 1537 1538 1540 1543 1547 1549 1542 1538 1530 1519 1505 1506 1523 1530 1541 1542 1548 1557 1557 1563 1566 1572 1575 1582 1588
991 994 996 1000 1002 1002 997 1007 1015 1022 1027 1037 1031 1040 1040 1047 1050 1067 1089 1095 1107 1119 1133 1153 1163 1182 1194 1201 1208 1210 1230 1240 1251 1264 1269 1300 1312 1326 1343 1370 1388 1401 1411 1428 1441 1448 1452 1465 1469 1475 1482 1488 1492 1498 1505 1516 1522 1527 1527 1525 1527 1531 1533 1535 1539 1533 1531 1536 1542 1540 1538 1542 1532 1531 1528 1532 1546 1555 1562 1564 1571 1582 1582 1581 1582 1584 1584 1593 1598
