PendWGS84.asc
ncols        753
nrows        868
xllcorner    -84.341250000000
yllcorner    9.623194444505
cellsize     0.000277777778
[rows 520 to 559 of 868, columns 0 to 88 of 753]
0 0 0 0 0 0 0 0 0 0 0 0 0 0 0 0 0 0 0 0 0 0 0 0 0 0 0 0 0 0 0 0 0 0 0 0 0 0 0 0 156 169 184 198 221 245 262 273 278 287 300 316 338 348 352 352 346 335 317 306 288 278 277 279 283 291 302 315 329 347 360 370 378 384 389 396 406 417 429 435 438 444 455 464 475 490 497 502 502
0 0 0 0 0 0 0 0 0 0 0 0 0 0 0 0 0 0 0 0 0 0 0 0 0 0 0 0 0 0 0 0 0 0 0 0 0 0 0 0 156 167 180 190 205 229 249 261 270 282 296 312 330 339 340 333 324 315 306 291 281 274 277 280 287 295 307 320 334 349 362 373 381 386 395 402 409 417 429 436 442 450 462 469 479 496 502 503 501
0 0 0 0 0 0 0 0 0 0 0 0 0 0 0 0 0 0 0 0 0 0 0 0 0 0 0 0 0 0 0 0 0 0 0 0 0 0 0 151 155 167 178 186 197 212 229 247 260 277 293 309 323 331 330 318 307 296 286 276 272 274 276 282 289 295 306 321 339 350 363 372 380 389 396 403 410 415 426 435 443 453 463 473 485 496 502 502 500
0 0 0 0 0 0 0 0 0 0 0 0 0 0 0 0 0 0 0 0 0 0 0 0 0 0 0 0 0 0 0 0 0 0 0 0 0 145 150 156 163 170 177 184 192 203 218 238 254 271 291 308 318 319 315 302 289 278 268 264 267 267 270 279 283 287 296 317 337 352 362 370 378 386 396 404 413 420 426 435 444 454 466 478 488 493 497 496 492
0 0 0 0 0 0 0 0 0 0 0 0 0 0 0 0 0 0 0 0 0 0 0 0 0 0 0 0 0 0 0 0 0 0 0 139 139 146 155 164 174 177 179 184 193 200 214 233 249 267 289 306 312 307 295 281 268 256 256 256 261 263 264 269 277 282 295 315 339 352 359 370 378 387 398 408 418 424 428 433 439 447 464 476 485 487 487 485 478
0 0 0 0 0 0 0 0 0 0 0 0 0 0 0 0 0 0 0 0 0 0 0 0 0 0 0 0 0 0 0 0 0 0 142 140 144 149 158 165 170 176 178 185 193 202 214 232 247 266 285 296 303 297 279 264 252 245 245 249 253 256 259 261 274 287 300 319 342 351 358 368 379 388 397 407 416 422 426 427 431 438 453 468 477 480 479 475 468
0 0 0 0 0 0 0 0 0 0 0 0 0 0 0 0 0 0 0 0 0 0 0 0 0 0 0 0 0 0 0 0 0 148 144 144 147 150 154 159 164 171 175 180 189 200 214 234 251 269 287 290 291 282 265 250 239 238 240 242 244 248 256 262 272 289 306 327 347 352 358 371 386 392 397 404 413 419 423 425 431 436 444 458 466 470 469 463 462
0 0 0 0 0 0 0 0 0 0 0 0 0 0 0 0 0 0 0 0 0 0 0 0 0 0 0 0 0 0 0 0 151 147 145 145 146 151 152 155 159 165 168 172 182 198 214 235 254 271 283 286 281 266 251 234 229 231 235 239 240 244 253 262 275 292 315 332 346 351 357 373 390 398 399 403 408 413 419 425 432 437 444 451 460 466 463 459 458
0 0 0 0 0 0 0 0 0 0 0 0 0 0 0 0 0 0 0 0 0 0 0 0 0 0 0 0 0 0 0 0 150 146 145 142 142 143 148 153 158 160 158 164 174 194 215 233 252 268 277 276 269 256 239 230 228 232 235 240 243 247 254 263 275 290 315 334 344 349 359 372 387 401 404 406 406 409 415 425 432 439 444 449 454 458 458 458 458
0 0 0 0 0 0 0 0 0 0 0 0 0 0 0 0 0 0 0 0 0 0 0 0 0 0 0 0 0 0 0 0 0 144 143 141 137 135 141 148 153 154 153 155 165 190 209 229 247 265 272 272 260 244 232 228 231 234 237 243 248 254 263 271 280 294 312 328 338 346 359 369 384 397 408 411 411 412 414 422 429 436 443 447 451 451 454 458 459
0 0 0 0 0 0 0 0 0 0 0 0 0 0 0 0 0 0 0 0 0 0 0 0 0 0 0 0 0 0 0 0 0 0 0 140 136 134 134 135 141 144 147 153 163 183 204 224 243 258 266 262 250 237 227 223 226 231 237 241 247 257 271 279 290 302 313 324 337 348 364 374 382 390 399 411 416 415 418 424 429 433 439 442 444 448 452 456 456
0 0 0 0 0 0 0 0 0 0 0 0 0 0 0 0 0 0 0 0 0 0 0 0 0 0 0 0 0 0 0 0 0 0 0 0 0 0 0 0 133 137 144 151 158 181 202 223 238 255 262 256 241 229 220 217 217 222 225 231 242 251 272 286 298 308 316 327 340 358 372 379 382 386 395 408 417 423 427 429 431 434 439 442 444 447 451 453 452
0 0 0 0 0 0 0 0 0 0 0 0 0 0 0 0 0 0 0 0 0 0 0 0 0 0 0 0 0 0 0 0 0 0 0 0 0 0 0 0 0 0 0 150 160 180 205 225 242 256 261 254 239 226 219 216 216 215 218 223 232 247 272 289 301 307 315 327 343 361 374 377 380 389 399 413 426 432 435 434 436 439 441 442 444 447 451 454 453
0 0 0 0 0 0 0 0 0 0 0 0 0 0 0 0 0 0 0 0 0 0 0 0 0 0 0 0 0 0 0 0 0 0 0 0 0 0 0 0 0 0 0 0 158 174 198 220 239 253 256 252 239 226 220 218 217 214 210 210 220 237 264 280 295 304 315 330 347 363 372 376 384 395 414 431 436 438 439 439 442 444 445 445 446 450 456 457 454
0 0 0 0 0 0 0 0 0 0 0 0 0 0 0 0 0 0 0 0 0 0 0 0 0 0 0 0 0 0 0 0 0 0 0 0 0 0 0 0 0 0 0 0 0 170 193 216 231 243 249 243 235 226 221 220 217 213 206 205 213 231 250 269 284 302 318 332 351 363 371 380 388 403 421 424 435 433 433 436 441 444 449 451 451 454 458 457 451
0 0 0 0 0 0 0 0 0 0 0 0 0 0 0 0 0 0 0 0 0 0 0 0 0 0 0 0 0 0 0 0 0 0 0 0 0 0 0 0 0 0 0 0 0 157 177 201 223 236 240 239 235 229 224 219 215 209 203 198 209 230 248 263 280 300 318 331 351 365 374 382 391 403 410 422 420 418 421 426 436 447 456 462 462 459 457 455 447
0 0 0 0 0 0 0 0 0 0 0 0 0 0 0 0 0 0 0 0 0 0 0 0 0 0 0 0 0 0 0 0 0 0 0 0 0 0 0 0 0 0 0 0 0 0 157 185 209 224 228 227 226 223 219 216 212 205 201 200 213 229 249 264 283 303 315 331 353 368 375 383 387 397 401 408 404 405 412 423 437 452 466 472 472 466 460 455 444
0 0 0 0 0 0 0 0 0 0 0 0 0 0 0 0 0 0 0 0 0 0 0 0 0 0 0 0 0 0 0 0 0 0 0 0 0 0 0 0 0 0 0 0 0 0 0 160 181 205 215 217 215 214 212 209 204 201 199 203 217 236 253 270 284 308 323 337 352 365 372 380 383 388 394 398 399 402 408 421 441 454 467 474 477 471 461 452 436
0 0 0 0 0 0 0 0 0 0 0 0 0 0 0 0 0 0 0 0 0 0 0 0 0 0 0 0 0 0 0 0 0 0 0 0 0 0 0 0 0 0 0 0 0 0 0 0 160 183 200 205 207 208 208 204 198 197 199 207 222 246 261 276 293 308 321 337 350 358 365 372 375 377 386 394 399 402 413 423 438 450 458 466 472 470 463 453 438
0 0 0 0 0 0 0 0 0 0 0 0 0 0 0 0 0 0 0 0 0 0 0 0 0 0 0 0 0 0 0 0 0 0 0 0 0 0 0 0 0 0 0 0 0 0 0 0 149 171 189 193 195 196 196 194 192 192 199 212 238 252 269 285 300 313 326 340 352 359 362 367 368 368 375 386 393 403 418 427 433 442 453 459 465 467 467 462 452
0 0 0 0 0 0 0 0 0 0 0 0 0 0 0 0 0 0 0 0 0 0 0 0 0 0 0 0 0 0 0 0 0 0 0 0 0 0 0 0 0 0 0 0 0 0 0 0 144 158 175 178 180 179 177 179 188 192 206 227 247 264 278 290 305 317 332 341 348 351 358 363 364 366 372 383 394 401 414 426 431 440 453 462 466 471 473 465 454
0 0 0 0 0 0 0 0 0 0 0 0 0 0 0 0 0 0 0 0 0 0 0 0 0 0 0 0 0 0 0 0 0 0 0 0 0 0 0 0 0 0 0 0 0 0 0 0 150 155 167 173 173 173 172 174 183 194 211 234 255 271 282 294 307 319 330 338 342 345 355 361 365 369 375 386 395 402 413 421 427 437 449 460 468 472 471 463 449
0 0 0 0 0 0 0 0 0 0 0 0 0 0 0 0 0 0 0 0 0 0 0 0 0 0 0 0 0 0 0 0 0 0 0 0 0 0 0 0 0 0 0 0 0 0 0 152 156 159 166 173 175 174 174 178 187 200 213 233 254 269 285 295 304 317 323 330 338 345 352 357 364 368 378 390 398 406 415 420 424 432 442 452 461 467 466 459 448
0 0 0 0 0 0 0 0 0 0 0 0 0 0 0 0 0 0 0 0 0 0 0 0 0 0 0 0 0 0 0 0 0 0 0 0 0 0 0 0 0 0 0 0 0 0 140 150 156 160 163 168 171 171 170 176 188 204 216 230 243 261 279 292 301 311 316 321 334 340 347 353 361 368 380 393 401 410 418 420 423 427 430 437 451 458 460 454 445
0 0 0 0 0 0 0 0 0 0 0 0 0 0 0 0 0 0 0 0 0 0 0 0 0 0 0 0 0 0 0 0 0 0 0 0 0 0 0 0 0 0 0 0 0 0 137 145 153 156 158 160 163 161 161 169 184 204 218 227 234 248 269 286 298 304 308 314 324 331 338 344 354 365 381 396 405 412 417 421 423 425 426 431 440 448 452 445 438
0 0 0 0 0 0 0 0 0 0 0 0 0 0 0 0 0 0 0 0 0 0 0 0 0 0 0 0 0 0 0 0 0 0 0 0 0 0 0 0 0 0 0 0 0 135 135 140 144 149 150 149 152 155 157 162 177 196 212 223 227 239 257 277 287 295 302 308 314 321 330 338 348 358 373 392 405 411 415 419 424 426 427 430 436 440 437 430 426
0 0 0 0 0 0 0 0 0 0 0 0 0 0 0 0 0 0 0 0 0 0 0 0 0 0 0 0 0 0 0 0 0 0 0 0 0 0 0 0 0 0 0 0 0 134 136 136 137 136 139 140 142 145 151 157 168 184 200 216 222 231 245 260 270 277 288 303 309 317 327 337 346 354 366 379 397 408 415 422 428 433 432 432 434 429 422 420 413
0 0 0 0 0 0 0 0 0 0 0 0 0 0 0 0 0 0 0 0 0 0 0 0 0 0 0 0 0 0 0 0 0 0 0 0 0 0 0 0 0 0 0 0 137 134 136 139 136 134 132 132 133 135 141 151 164 173 182 196 207 220 231 242 253 262 274 291 304 311 317 331 343 351 354 368 382 403 414 422 427 433 434 436 431 419 408 400 392
0 0 0 0 0 0 0 0 0 0 0 0 0 0 0 0 0 0 0 0 0 0 0 0 0 0 0 0 0 0 0 0 0 0 0 0 0 0 0 0 0 0 0 0 136 135 132 135 133 130 130 129 130 129 135 145 155 159 164 170 184 205 220 230 235 246 255 271 292 303 312 323 336 343 348 352 375 393 409 418 425 428 428 428 419 402 388 375 370
0 0 0 0 0 0 0 0 0 0 0 0 0 0 0 0 0 0 0 0 0 0 0 0 0 0 0 0 0 0 0 0 0 0 0 0 0 0 0 0 0 0 0 0 0 131 131 132 135 128 128 127 126 126 131 138 144 150 151 154 164 187 210 220 228 234 245 261 278 298 313 318 326 331 339 349 368 386 404 414 417 419 418 412 403 391 378 368 358
0 0 0 0 0 0 0 0 0 0 0 0 0 0 0 0 0 0 0 0 0 0 0 0 0 0 0 0 0 0 0 0 0 0 0 0 0 0 0 0 0 0 0 0 0 129 131 131 133 129 128 127 125 127 127 130 135 141 145 145 151 168 192 211 219 227 238 256 273 296 312 320 323 322 327 345 367 382 393 403 402 400 400 397 389 381 371 364 353
0 0 0 0 0 0 0 0 0 0 0 0 0 0 0 0 0 0 0 0 0 0 0 0 0 0 0 0 0 0 0 0 0 0 0 0 0 0 0 0 0 0 0 0 0 0 0 135 131 129 126 126 126 127 127 126 129 133 137 141 145 154 176 193 207 217 231 248 267 291 314 320 317 314 321 348 369 377 386 387 381 382 384 378 371 368 366 357 348
0 0 0 0 0 0 0 0 0 0 0 0 0 0 0 0 0 0 0 0 0 0 0 0 0 0 0 0 0 0 0 0 0 0 0 0 0 0 0 0 0 0 0 0 0 0 0 0 136 132 129 128 127 126 126 125 127 130 135 141 142 149 162 181 196 208 224 246 263 288 299 311 306 307 319 344 366 372 377 375 368 367 365 361 353 349 349 344 339
0 0 0 0 0 0 0 0 0 0 0 0 0 0 0 0 0 0 0 0 0 0 0 0 0 0 0 0 0 0 0 0 0 0 0 0 0 0 0 0 0 0 0 0 0 0 0 0 0 0 133 133 131 129 127 126 128 132 139 141 143 146 155 170 189 200 219 241 259 281 292 299 295 298 312 333 357 365 369 370 363 349 339 335 334 336 336 331 324
0 0 0 0 0 0 0 0 0 0 0 0 0 0 0 0 0 0 0 0 0 0 0 0 0 0 0 0 0 0 0 0 0 0 0 0 0 0 0 0 0 0 0 0 0 0 0 0 0 0 0 0 132 129 126 125 126 132 139 143 140 138 146 160 178 192 212 231 252 276 286 289 289 288 297 315 340 358 362 361 354 336 327 325 328 332 330 322 316
0 0 0 0 0 0 0 0 0 0 0 0 0 0 0 0 0 0 0 0 0 0 0 0 0 0 0 0 0 0 0 0 0 0 0 0 0 0 0 0 0 0 0 0 0 0 0 0 0 0 0 0 0 127 125 124 126 131 137 139 137 133 135 149 167 182 197 218 235 254 276 281 277 279 287 305 329 347 353 348 339 328 320 316 319 323 323 316 303
0 0 0 0 0 0 0 0 0 0 0 0 0 0 0 0 0 0 0 0 0 0 0 0 0 0 0 0 0 0 0 0 0 0 0 0 0 0 0 0 0 0 0 0 0 0 0 0 0 0 0 0 0 0 0 125 125 130 134 133 132 130 129 137 155 173 188 202 219 239 254 262 270 273 283 299 321 335 342 338 330 320 310 301 301 306 310 304 292
0 0 0 0 0 0 0 0 0 0 0 0 0 0 0 0 0 0 0 0 0 0 0 0 0 0 0 0 0 0 0 0 0 0 0 0 0 0 0 0 0 0 0 0 0 0 0 0 0 0 0 0 0 0 0 0 126 129 132 128 124 121 122 129 142 160 178 190 204 219 232 242 254 269 278 288 302 319 330 331 325 311 300 292 293 294 298 295 281
0 0 0 0 0 0 0 0 0 0 0 0 0 0 0 0 0 0 0 0 0 0 0 0 0 0 0 0 0 0 0 0 0 0 0 0 0 0 0 0 0 0 0 0 0 0 0 0 0 0 0 0 0 0 0 0 0 0 127 125 124 121 122 125 132 147 163 177 192 207 220 234 245 259 271 278 289 303 317 319 313 300 288 282 282 281 283 279 274
0 0 0 0 0 0 0 0 0 0 0 0 0 0 0 0 0 0 0 0 0 0 0 0 0 0 0 0 0 0 0 0 0 0 0 0 0 0 0 0 0 0 0 0 0 0 0 0 0 0 0 0 0 0 0 0 0 0 0 125 125 122 122 123 128 138 153 167 181 196 208 224 236 248 258 267 279 293 302 303 294 286 278 275 270 268 266 265 264
