PendWGS84.asc
ncols        753
nrows        868
xllcorner    -84.341250000000
yllcorner    9.623194444505
cellsize     0.000277777778
[rows 480 to 519 of 868, columns 178 to 266 of 753]
887 878 872 850 834 831 823 817 814 807 801 796 792 787 787 785 783 794 799 802 808 817 825 830 834 843 861 875 887 892 891 885 885 893 900 910 913 917 914 910 916 926 937 942 935 930 931 935 930 937 942 940 947 951 950 945 937 934 930 949 957 969 975 977 979 974 969 968 976 979 981 988 996 998 998 996 996 1000 998 989 980 978 985 987 987 981 978 978 984
876 868 857 842 832 828 819 814 812 806 797 794 788 785 779 776 778 787 797 800 807 819 819 827 836 843 849 862 876 885 890 887 878 882 889 895 896 904 908 904 910 920 926 923 917 909 902 894 884 890 917 921 929 932 931 922 917 903 904 927 949 959 960 967 973 968 963 967 971 968 972 981 994 997 999 996 992 993 988 978 971 967 971 975 971 980 973 980 983
865 856 847 835 830 823 819 813 805 800 793 784 786 784 779 777 776 781 790 798 806 812 826 826 838 839 840 851 865 878 885 876 871 873 882 884 883 887 881 886 898 905 907 903 892 889 880 875 872 869 888 895 901 903 906 901 905 891 891 904 934 960 962 956 952 954 957 958 964 968 968 981 989 1000 1000 997 993 988 979 971 966 963 965 966 965 975 978 979 979
849 842 832 824 823 818 813 809 800 795 784 776 777 777 778 777 775 778 786 800 806 813 822 829 840 833 835 839 844 858 866 860 852 858 861 875 872 874 876 878 878 888 883 880 875 867 863 858 859 866 870 880 881 879 880 881 887 892 892 897 919 943 945 944 941 941 948 955 956 962 956 965 986 991 995 995 993 986 974 969 964 965 965 972 969 977 976 974 975
838 833 826 816 813 811 801 797 791 783 773 768 768 769 769 768 767 774 782 798 811 818 819 825 829 835 834 841 844 848 851 850 846 845 845 848 854 855 849 856 858 862 865 863 859 846 849 847 850 857 859 854 864 862 860 864 874 881 887 899 912 914 930 925 926 932 935 948 951 952 957 960 984 989 988 994 988 985 977 969 966 968 970 977 977 980 976 970 967
826 827 823 806 794 785 780 780 777 770 762 758 757 758 758 760 757 766 778 794 804 814 816 822 824 829 833 837 843 844 845 848 836 834 835 839 838 838 842 844 844 851 854 848 840 838 837 834 835 839 841 844 856 857 855 864 863 871 885 900 895 915 917 924 923 922 926 938 949 955 956 964 970 984 990 987 984 984 982 974 972 972 972 980 985 984 975 962 960
824 825 818 799 780 768 763 759 757 754 751 750 751 757 759 758 750 753 766 785 798 810 817 818 820 822 828 827 829 831 842 842 831 832 834 830 820 826 833 833 838 846 842 836 833 832 831 831 821 827 837 841 848 853 857 864 857 875 887 895 899 911 912 917 919 917 919 940 951 956 958 961 963 980 985 984 985 988 989 979 978 975 980 985 987 984 972 964 957
816 817 798 795 774 762 751 748 745 741 740 739 747 753 761 758 747 751 751 760 781 799 806 809 814 820 821 821 823 826 831 832 829 829 825 818 807 802 817 830 837 847 849 843 830 824 823 820 815 822 833 841 853 876 878 863 869 882 891 894 901 908 905 910 917 925 941 958 954 957 963 968 974 982 986 987 986 989 990 984 984 983 986 987 984 980 974 966 961
801 799 796 774 764 752 744 739 738 731 729 733 740 752 755 752 747 741 743 741 759 780 792 800 802 802 808 809 810 817 820 821 819 819 811 806 791 785 800 825 836 846 845 838 826 816 812 812 815 821 836 853 872 888 890 895 888 894 899 902 903 905 916 919 930 942 974 976 974 979 976 982 989 990 988 992 993 992 989 986 985 984 994 995 992 983 981 974 967
786 780 776 764 752 747 742 735 729 721 720 720 730 745 748 749 748 733 719 725 743 761 777 785 785 786 783 790 789 794 794 803 802 799 784 774 771 776 788 810 832 841 841 833 809 801 806 814 825 832 849 871 890 904 901 907 907 910 916 921 925 927 933 941 957 981 983 992 989 988 989 990 994 995 986 989 994 997 997 999 997 996 1001 1007 1005 997 984 975 967
760 754 743 738 741 744 734 723 711 706 705 709 720 730 744 746 731 715 709 715 728 744 757 756 758 756 760 767 781 778 774 776 773 768 767 772 769 770 771 793 809 825 821 805 800 796 805 818 835 846 865 882 899 916 919 921 932 937 944 947 954 947 951 965 980 990 993 1002 1002 1004 1003 1000 997 994 994 990 1007 1009 1020 1018 1012 1009 1013 1011 1007 999 988 975 968
728 721 720 722 731 736 727 709 700 694 696 699 708 716 727 725 722 714 707 708 721 731 733 734 734 741 752 765 765 765 757 762 756 751 753 752 757 761 767 782 793 797 791 785 790 798 816 830 842 859 876 896 917 928 935 943 948 961 966 973 977 975 972 976 987 996 997 1005 1013 1018 1020 1020 1016 1008 1003 1008 1023 1032 1032 1024 1019 1014 1014 1006 996 983 974 963 953
708 700 698 709 720 717 711 700 694 692 688 685 692 705 710 714 710 709 696 696 700 712 726 720 718 729 735 744 758 755 755 751 750 748 742 746 746 751 762 774 782 783 779 781 796 812 837 842 851 865 888 915 931 935 940 949 956 964 972 976 983 984 981 981 991 999 1002 1008 1019 1026 1032 1028 1030 1032 1031 1037 1046 1041 1036 1035 1019 1012 1012 987 983 966 957 947 944
691 690 692 700 707 707 703 692 686 685 680 678 679 685 690 688 692 689 687 686 693 698 702 704 706 712 718 731 739 744 747 741 733 737 738 742 747 755 768 775 780 778 780 785 794 830 844 851 854 872 894 915 933 934 943 953 962 972 980 981 986 989 987 991 997 1003 1006 1012 1021 1030 1037 1040 1038 1043 1044 1051 1055 1052 1045 1040 1022 1005 993 982 966 957 950 947 940
674 681 686 688 691 684 682 678 678 675 672 672 671 671 672 658 658 666 672 677 682 685 691 696 699 710 718 723 730 732 733 732 734 736 760 766 759 763 770 780 788 788 787 795 829 848 855 858 867 869 892 912 926 940 950 961 969 976 988 992 998 993 994 1003 1007 1009 1010 1016 1020 1027 1039 1044 1048 1054 1059 1065 1068 1059 1054 1040 1028 1004 990 975 965 954 954 950 945
652 665 669 673 670 669 669 664 668 666 665 660 661 662 664 661 659 663 675 679 683 688 697 700 701 709 715 715 722 719 730 735 732 755 770 771 782 785 780 783 790 798 801 827 841 860 871 869 871 886 888 906 924 939 957 963 975 978 990 998 1002 1001 1004 1008 1014 1019 1020 1020 1027 1032 1038 1051 1057 1062 1067 1070 1072 1065 1055 1040 1024 1008 995 980 964 961 957 954 939
635 648 657 664 659 654 652 651 648 654 655 656 656 658 662 661 662 664 674 678 682 690 700 703 709 711 719 714 718 716 729 735 752 770 779 784 787 795 806 809 812 813 822 838 859 873 882 888 888 890 900 903 921 937 944 957 967 976 984 997 998 1005 1005 1009 1017 1026 1032 1035 1037 1042 1047 1057 1064 1071 1074 1077 1076 1068 1063 1040 1021 1004 998 984 972 966 964 959 946
625 638 648 651 643 640 639 637 636 640 640 651 655 656 659 663 664 669 674 680 686 696 705 709 715 714 720 719 720 734 735 752 763 775 783 787 797 816 839 837 833 838 851 863 876 893 900 902 896 901 904 905 917 932 945 956 972 972 982 988 997 1005 1009 1015 1024 1034 1040 1043 1048 1049 1059 1066 1072 1075 1078 1080 1084 1075 1060 1044 1021 1007 998 991 979 974 966 958 947
611 624 626 627 622 624 626 628 628 633 634 643 650 655 665 671 674 675 682 684 693 705 710 718 719 728 731 733 733 751 749 764 771 782 788 799 819 841 844 850 856 866 872 880 892 907 920 917 915 912 909 908 912 933 943 953 966 976 981 987 993 1001 1008 1017 1027 1039 1047 1051 1058 1060 1065 1073 1077 1078 1081 1084 1084 1077 1061 1044 1021 1010 1007 997 986 983 972 963 950
602 604 607 608 605 605 609 619 623 635 638 644 651 656 666 676 684 692 695 700 706 715 718 724 731 735 742 750 754 761 768 773 778 791 801 812 829 844 855 868 879 889 895 900 910 924 935 942 937 927 915 915 935 943 944 953 964 980 986 996 1007 1013 1018 1024 1034 1044 1050 1058 1061 1063 1068 1074 1082 1084 1091 1089 1087 1076 1061 1043 1030 1018 1010 1002 995 985 976 960 952
582 584 589 599 597 595 600 611 623 635 638 647 649 657 668 678 694 701 708 714 718 722 721 730 737 747 756 761 771 780 779 786 790 795 806 820 843 852 861 878 899 911 921 929 933 944 950 960 956 948 938 939 945 947 952 959 967 982 991 1005 1015 1018 1028 1035 1045 1053 1056 1061 1060 1064 1068 1074 1080 1089 1093 1087 1080 1069 1055 1040 1029 1023 1010 1005 998 986 978 963 947
576 577 583 588 589 592 599 613 627 639 641 642 641 650 664 680 697 714 720 725 727 727 723 736 746 749 757 769 784 791 792 792 797 811 823 828 841 853 873 899 917 921 936 941 954 961 966 968 973 969 956 955 956 955 959 960 963 990 1004 1008 1018 1025 1033 1045 1049 1055 1056 1058 1060 1065 1068 1075 1081 1087 1087 1081 1072 1059 1048 1037 1026 1017 1012 1006 997 986 977 957 944
578 577 582 589 590 595 601 617 630 640 642 642 641 651 663 675 701 720 726 730 734 735 731 737 748 756 764 777 795 804 804 805 812 825 835 843 855 876 888 902 917 931 939 949 961 962 969 969 970 971 968 966 964 963 965 970 979 995 1007 1008 1016 1031 1035 1046 1051 1051 1051 1052 1055 1062 1070 1075 1076 1076 1078 1079 1067 1055 1043 1030 1024 1019 1017 1007 996 987 969 951 946
580 581 587 594 598 599 604 617 629 638 643 645 650 657 668 676 700 721 732 735 739 740 735 744 755 764 774 791 808 820 824 826 831 841 849 856 874 882 891 902 911 930 932 945 956 960 968 970 971 970 969 968 961 966 976 981 991 1000 1007 1014 1013 1024 1034 1040 1042 1043 1043 1050 1053 1060 1065 1067 1068 1074 1081 1077 1062 1052 1037 1030 1030 1020 1016 1009 994 982 969 953 943
587 589 594 600 605 605 605 614 620 628 639 651 661 670 671 687 699 725 741 744 745 744 742 754 769 778 787 801 816 827 834 836 842 852 861 871 880 888 898 897 908 927 928 937 951 956 968 975 979 975 973 970 966 978 986 994 1004 1005 1008 1017 1018 1020 1028 1031 1037 1038 1040 1049 1052 1054 1056 1056 1064 1067 1074 1069 1066 1053 1037 1030 1031 1029 1017 1009 999 989 971 952 941
597 601 605 609 606 607 606 612 621 628 643 658 667 679 684 691 709 724 743 750 758 752 763 764 773 788 797 804 811 826 841 847 857 866 875 883 893 895 894 902 910 919 928 937 945 955 969 976 981 980 978 977 978 983 988 1004 1012 1020 1021 1018 1012 1013 1019 1020 1032 1037 1035 1035 1035 1040 1044 1053 1062 1066 1070 1067 1066 1057 1046 1035 1038 1034 1025 1011 1007 995 979 954 943
604 616 618 623 623 616 618 620 627 640 654 667 674 684 697 708 724 733 739 758 769 770 771 774 783 791 798 804 818 829 840 855 871 875 897 902 908 911 911 909 912 921 934 942 946 950 958 977 984 983 985 988 989 991 997 1012 1023 1020 1020 1019 1015 1010 1011 1016 1027 1022 1029 1030 1030 1034 1039 1049 1056 1062 1068 1070 1069 1062 1051 1045 1042 1037 1028 1018 1012 997 987 975 960
614 619 622 628 629 627 626 635 646 656 661 671 679 688 703 718 732 740 747 765 779 781 780 785 787 797 805 809 817 828 841 856 875 896 912 921 920 919 924 920 921 930 942 940 949 949 956 973 983 989 991 992 991 994 1002 1007 1017 1019 1023 1011 1005 1002 1005 1004 1011 1007 1019 1025 1030 1036 1039 1052 1058 1066 1074 1073 1068 1065 1060 1055 1052 1042 1033 1019 1016 1006 994 985 964
612 619 625 631 635 637 640 647 656 665 671 679 685 695 711 724 737 746 758 772 786 789 790 796 792 799 808 817 823 830 841 856 879 908 915 928 935 937 939 935 938 946 952 945 946 951 954 973 983 984 985 987 991 994 995 998 1007 1006 1000 997 996 995 1000 1003 1000 993 1005 1015 1024 1031 1041 1055 1060 1061 1067 1068 1070 1072 1068 1060 1056 1047 1038 1028 1012 1000 989 983 961
619 621 623 630 638 641 645 653 660 670 679 686 693 702 718 730 740 752 769 778 789 797 798 800 800 806 812 825 829 836 842 861 887 906 915 929 940 946 951 956 959 967 967 956 950 955 958 980 984 987 987 987 990 989 993 1004 1004 1004 998 989 984 987 989 997 996 993 1000 1006 1021 1023 1038 1047 1049 1048 1047 1060 1069 1073 1067 1066 1052 1047 1045 1037 1013 999 986 970 958
626 625 627 630 637 643 648 655 666 677 690 695 702 713 729 736 741 753 767 778 793 803 808 811 816 816 825 833 840 846 855 872 896 913 920 939 944 959 964 967 969 979 979 976 964 959 962 969 974 980 980 981 984 988 997 1007 1008 1008 1002 991 981 980 979 982 992 997 999 1006 1010 1016 1017 1021 1031 1035 1040 1050 1067 1077 1079 1074 1063 1050 1051 1040 1012 994 987 973 956
638 633 633 637 642 646 652 660 674 690 705 713 714 724 732 739 745 753 765 773 787 804 814 820 828 830 832 835 848 857 871 886 904 921 936 950 954 968 975 971 972 983 982 983 982 973 971 964 969 972 981 982 984 990 1001 1012 1009 1012 1003 996 988 977 975 969 978 994 997 1001 1001 1005 1004 1011 1024 1032 1038 1048 1057 1075 1082 1079 1072 1062 1051 1043 1020 1003 989 973 959
650 644 643 645 650 656 663 672 686 700 715 722 724 725 733 741 748 754 763 773 786 803 822 826 835 839 839 847 855 870 886 897 912 932 941 959 966 980 990 989 988 986 987 991 997 986 976 971 975 974 979 989 994 1006 1013 1008 1014 1000 999 992 990 979 976 962 965 977 976 978 987 995 999 1011 1027 1038 1047 1052 1060 1071 1083 1083 1082 1072 1056 1045 1020 1005 985 971 958
658 656 652 655 664 674 680 686 698 709 721 726 731 731 740 745 748 755 764 777 788 804 817 833 841 850 851 852 864 876 892 908 924 940 954 969 981 995 1005 1005 1004 1005 1004 1006 1004 990 979 973 973 969 977 986 994 1012 1017 1007 1009 997 996 991 989 978 970 959 957 964 964 972 974 987 1004 1019 1037 1049 1055 1062 1068 1075 1081 1087 1081 1075 1070 1042 1019 1003 983 964 956
663 662 660 665 675 682 697 699 704 720 727 731 735 742 749 747 750 757 768 782 791 804 820 841 848 850 856 864 880 886 912 924 933 950 959 973 987 1000 1008 1013 1015 1016 1018 1020 1009 998 993 983 976 980 982 990 1013 1024 1024 1011 1009 1000 994 984 975 976 967 960 954 964 965 969 975 990 1006 1025 1046 1056 1064 1071 1075 1079 1079 1081 1078 1079 1068 1050 1029 996 976 964 957
665 668 669 670 682 696 702 705 714 725 736 739 741 747 754 750 754 764 779 791 800 804 823 849 854 862 862 870 883 899 918 935 941 949 963 981 992 1003 1011 1018 1019 1022 1022 1023 1015 1009 1004 1001 991 993 1008 1022 1025 1024 1026 1011 1004 990 984 976 970 970 963 950 958 969 972 976 980 994 1014 1032 1048 1056 1061 1064 1073 1073 1072 1068 1072 1072 1065 1052 1038 1019 992 973 971
666 668 671 673 682 694 703 710 721 734 742 745 750 753 754 757 767 778 789 799 802 805 821 847 866 869 867 874 886 905 921 938 946 953 969 983 994 1005 1010 1017 1029 1031 1027 1025 1020 1021 1016 1015 1018 1022 1027 1028 1027 1019 1024 1010 1009 986 976 959 961 962 955 949 950 964 975 982 992 1004 1015 1037 1040 1053 1055 1058 1054 1054 1057 1071 1073 1071 1066 1056 1047 1029 996 985 974
667 670 675 675 685 696 702 716 728 737 752 758 757 757 761 768 781 789 795 800 801 805 820 845 863 868 877 886 887 906 924 945 954 965 975 984 996 1008 1013 1023 1028 1034 1030 1025 1022 1022 1021 1023 1021 1027 1027 1022 1017 1022 1017 1017 1005 988 962 954 949 941 943 937 937 947 968 980 994 998 1014 1021 1031 1043 1049 1047 1043 1042 1043 1046 1059 1064 1063 1054 1043 1027 1002 984 981
670 673 678 678 685 697 712 728 738 748 757 764 771 775 781 788 796 800 805 808 807 810 817 836 859 872 881 890 897 915 938 954 972 978 984 986 995 1000 1010 1021 1030 1029 1027 1022 1017 1016 1018 1023 1024 1023 1022 1024 1017 1020 1017 1017 1013 1003 969 952 945 937 934 931 927 933 938 959 974 987 995 1010 1018 1023 1044 1040 1038 1039 1038 1043 1047 1059 1056 1047 1032 1015 1002 987 976
671 676 684 687 692 707 722 737 750 759 769 775 787 795 800 806 809 814 817 815 816 813 819 829 856 873 882 896 915 925 946 967 976 985 991 992 991 999 1004 1018 1025 1028 1027 1020 1013 1018 1019 1026 1024 1018 1021 1013 1013 1017 1013 1014 1008 1000 985 967 958 949 936 929 925 922 928 940 953 967 984 989 1005 1012 1023 1023 1024 1033 1029 1029 1041 1047 1048 1039 1027 1017 1005 989 970
